1023

0: 9(0;10)-3(122;152)-8(154;234)-2(234;325)-10(325;332)-1(332;371)-0(371;443)-7(443;476)-14(476;573)-13(585;648)-11(648;703)-5(769;807)-6(807;812)-4(832;907)-12(907;927)

1: 10(0;6)-6(6;94)-8(94;154)-9(154;200)-1(211;230)-7(230;268)-12(268;301)-5(301;350)-2(368;436)-3(440;514)-11(514;522)-0(541;567)-4(636;726)-14(735;742)-13(750;792)

2: 7(0;99)-11(99;136)-6(136;204)-0(204;242)-3(242;326)-9(326;398)-8(398;438)-10(438;458)-12(458;507)-2(507;579)-1(611;620)-13(686;750)-14(750;793)-5(807;897)-4(932;1023)

3: 5(0;62)-13(62;86)-9(86;126)-2(127;223)-10(223;243)-1(243;316)-0(346;365)-6(365;415)-3(514;554)-11(703;725)-8(741;797)-14(797;805)-7(869;878)-4(915;932)-12(932;978)

4: 10(6;95)-7(99;167)-3(186;235)-0(242;272)-14(272;329)-8(329;380)-11(380;468)-5(468;507)-6(507;560)-9(560;607)-12(607;637)-2(637;736)-1(736;791)-13(807;896)-4(907;915)

5: 8(0;89)-5(89;161)-6(222;246)-7(268;303)-11(305;378)-9(398;432)-0(443;541)-14(573;590)-4(590;627)-10(635;646)-12(646;672)-13(792;807)-3(807;876)-2(876;944)-1(944;970)

6: 14(0;7)-11(7;65)-13(86;161)-1(161;211)-7(211;229)-12(229;266)-0(272;346)-10(347;385)-2(436;496)-9(514;542)-3(554;623)-5(623;703)-6(703;723)-4(726;797)-8(797;888)

7: 13(0;52)-14(69;162)-4(162;212)-11(212;305)-2(325;368)-5(368;431)-3(431;440)-6(440;497)-1(497;558)-8(558;630)-10(630;635)-9(635;659)-0(748;756)-12(771;792)-7(792;869)

8: 0(0;43)-12(43;107)-10(107;159)-3(159;186)-13(186;284)-7(325;385)-4(408;473)-5(507;559)-14(590;619)-2(619;630)-1(630;723)-9(723;800)-6(812;864)-8(888;974)-11(974;991)

9: 14(7;69)-1(69;149)-5(161;186)-4(212;310)-7(310;325)-10(332;347)-8(461;540)-11(540;625)-13(648;686)-12(686;771)-0(771;846)-2(846;857)-9(857;886)-6(886;944)-3(944;1016)

10: 3(0;59)-1(59;66)-14(162;250)-12(301;378)-10(385;407)-5(431;466)-9(466;514)-4(514;586)-7(586;604)-8(630;725)-0(725;748)-6(748;772)-2(772;815)-11(815;886)-13(896;913)

11: 1(0;57)-2(57;127)-12(127;183)-10(183;213)-13(284;344)-3(344;389)-8(438;461)-7(486;576)-6(576;625)-4(627;636)-0(640;725)-11(725;794)-14(805;861)-9(899;976)-5(976;1011)

12: 2(0;34)-4(34;125)-0(125;192)-6(204;222)-8(234;326)-14(329;416)-13(416;470)-7(476;486)-10(486;565)-1(565;611)-3(623;722)-5(722;769)-12(792;891)-9(891;899)-11(991;1000)

13: 11(65;90)-9(200;255)-6(255;346)-12(378;452)-10(458;486)-13(493;585)-2(585;597)-0(597;640)-7(640;700)-14(700;735)-8(735;741)-3(741;801)-4(801;832)-1(832;904)-5(904;925)

14: 3(59;122)-5(186;260)-4(310;408)-10(408;417)-1(417;459)-13(470;493)-12(507;565)-14(619;645)-9(659;708)-7(708;780)-6(780;799)-0(846;859)-2(859;866)-11(886;942)-8(974;997)

