1407

0: 1(61;100)-0(100;172)-4(172;247)-10(247;254)-9(318;328)-6(347;352)-3(388;418)-12(581;601)-7(661;694)-14(725;822)-8(822;902)-13(907;970)-2(978;1069)-11(1069;1124)-5(1124;1162)

1: 0(0;26)-9(26;72)-3(271;345)-11(345;353)-1(353;372)-10(372;378)-12(447;480)-13(583;625)-5(706;755)-14(822;829)-8(902;962)-6(972;1060)-4(1060;1150)-7(1150;1188)-2(1188;1256)

2: 4(0;91)-8(92;132)-11(180;217)-12(361;410)-9(628;700)-13(751;815)-10(815;835)-14(835;878)-5(883;973)-3(994;1078)-0(1078;1116)-1(1116;1125)-6(1125;1193)-7(1193;1292)-2(1335;1407)

3: 14(0;8)-2(8;104)-13(104;128)-5(167;229)-11(229;251)-12(251;297)-6(297;347)-4(347;364)-0(566;585)-7(652;661)-10(661;681)-9(819;859)-8(962;1018)-1(1029;1102)-3(1102;1142)

4: 10(39;128)-5(128;167)-1(167;222)-3(222;271)-9(271;318)-13(318;407)-2(407;506)-12(506;536)-0(536;566)-7(566;634)-11(634;722)-4(722;730)-8(1018;1069)-14(1069;1126)-6(1253;1306)

5: 11(0;73)-14(73;90)-9(143;177)-7(310;345)-8(345;434)-13(434;449)-5(472;544)-10(544;555)-12(555;581)-4(671;708)-1(708;734)-0(734;832)-6(832;856)-3(856;925)-2(1267;1335)

6: 5(35;115)-9(115;143)-0(172;246)-11(276;334)-12(410;447)-14(447;454)-10(465;503)-8(531;622)-7(634;652)-2(662;722)-1(809;859)-3(925;994)-13(1158;1233)-6(1233;1253)-4(1253;1324)

7: 7(0;77)-6(77;134)-14(146;239)-11(353;446)-3(494;503)-9(579;603)-4(621;671)-8(671;743)-10(743;748)-2(748;791)-5(820;883)-13(970;1022)-12(1022;1043)-0(1116;1124)-1(1125;1186)

8: 8(6;92)-12(297;361)-3(361;388)-0(388;431)-9(431;508)-1(508;601)-10(601;653)-13(653;751)-11(751;768)-5(768;820)-2(820;831)-7(831;891)-14(891;920)-6(920;972)-4(972;1037)

9: 12(0;85)-8(132;211)-4(247;345)-10(345;360)-14(360;422)-3(422;494)-1(601;681)-5(681;706)-6(706;764)-9(790;819)-11(917;1002)-0(1124;1199)-2(1256;1267)-13(1267;1305)-7(1305;1320)

10: 13(0;17)-10(17;39)-6(134;158)-4(364;436)-8(436;531)-9(531;579)-5(579;614)-0(614;637)-14(637;725)-12(725;802)-1(802;809)-11(846;917)-7(917;935)-2(935;978)-3(1142;1201)

11: 5(0;35)-14(90;146)-3(146;191)-9(191;268)-8(303;326)-7(345;435)-10(435;465)-6(465;514)-4(514;523)-13(523;583)-0(637;722)-11(777;846)-2(846;916)-12(916;972)-1(972;1029)

12: 0(26;93)-10(128;207)-8(211;303)-1(303;349)-3(503;602)-6(602;620)-9(620;628)-2(628;662)-11(768;777)-12(802;901)-7(935;945)-14(970;1057)-5(1057;1104)-13(1104;1158)-4(1158;1249)

13: 8(0;6)-6(158;249)-11(251;276)-4(436;467)-12(601;675)-3(675;735)-9(735;790)-2(798;810)-13(815;907)-10(907;935)-14(935;970)-0(970;1013)-5(1013;1034)-7(1034;1094)-1(1186;1258)

14: 6(0;19)-1(19;61)-3(61;124)-11(124;180)-12(180;238)-7(238;310)-0(310;323)-14(323;349)-9(349;398)-5(398;472)-4(523;621)-10(748;757)-2(791;798)-8(1069;1092)-13(1233;1256)

