1078

0: 0(0;72)-6(72;77)-3(84;114)-12(114;134)-2(134;225)-14(225;322)-8(499;579)-1(637;676)-7(718;751)-9(796;806)-11(806;861)-4(861;936)-13(936;999)-10(1024;1031)-5(1031;1069)

1: 9(0;46)-4(212;302)-12(302;335)-13(335;377)-5(377;426)-14(426;433)-7(441;479)-6(479;567)-1(702;721)-2(748;816)-8(884;944)-3(944;1018)-10(1018;1024)-0(1024;1050)-11(1050;1058)

2: 3(0;84)-5(86;176)-1(190;199)-4(302;393)-2(393;465)-13(465;529)-10(529;549)-12(549;598)-7(619;718)-0(718;756)-14(787;830)-6(830;898)-9(898;970)-11(970;1007)-8(1033;1073)

3: 2(0;96)-9(114;154)-0(178;197)-1(417;490)-13(529;553)-10(587;607)-7(610;619)-8(665;721)-4(721;738)-5(834;896)-14(896;904)-6(904;954)-12(957;1003)-11(1016;1038)-3(1038;1078)

4: 5(47;86)-13(86;175)-3(175;224)-10(224;313)-9(313;360)-11(360;448)-8(448;499)-7(542;610)-12(736;766)-6(766;819)-4(819;827)-0(827;857)-1(857;912)-14(912;969)-2(969;1068)

5: 6(0;24)-0(72;170)-11(170;243)-2(243;311)-3(323;392)-13(392;407)-5(426;498)-9(542;576)-1(676;702)-4(747;784)-10(815;826)-14(830;847)-12(847;873)-7(873;908)-8(944;1033)

6: 13(0;75)-11(75;133)-1(140;190)-8(190;281)-14(433;440)-10(440;478)-9(514;542)-4(558;629)-3(629;698)-5(698;778)-7(778;796)-12(796;833)-2(833;893)-0(906;980)-6(980;1000)

7: 8(95;167)-0(170;178)-13(178;230)-6(270;327)-7(364;441)-2(465;508)-4(508;558)-11(558;651)-10(651;656)-9(656;680)-14(694;787)-3(787;796)-1(796;857)-12(936;957)-5(967;1030)

8: 11(0;17)-6(126;178)-5(178;230)-9(230;307)-1(307;400)-12(409;473)-3(508;535)-8(579;665)-14(665;694)-2(694;705)-13(705;803)-7(803;863)-0(863;906)-10(906;958)-4(967;1032)

9: 12(0;85)-9(85;114)-4(114;212)-6(212;270)-2(311;322)-0(346;421)-10(421;436)-3(436;508)-14(508;570)-13(663;701)-11(720;805)-8(805;884)-5(896;921)-7(921;936)-1(936;1016)

10: 8(0;95)-10(95;117)-12(134;211)-14(322;410)-1(410;417)-6(417;441)-7(524;542)-3(542;601)-0(601;624)-4(629;701)-2(705;748)-9(748;796)-13(803;820)-11(861;932)-5(932;967)

11: 1(0;57)-6(77;126)-3(126;171)-7(171;261)-0(261;346)-10(346;376)-8(415;438)-2(508;578)-14(578;634)-11(651;720)-4(738;747)-5(778;813)-13(820;880)-12(880;936)-9(970;1047)

12: 5(0;47)-6(47;65)-14(65;152)-3(224;323)-8(323;415)-4(415;506)-9(506;514)-7(514;524)-0(524;591)-1(591;637)-12(637;736)-10(736;815)-13(880;934)-2(934;968)-11(1007;1016)

13: 10(0;28)-7(28;88)-11(133;158)-8(281;287)-12(335;409)-9(409;464)-14(464;499)-1(499;571)-13(571;663)-2(663;675)-6(675;766)-0(769;812)-5(813;834)-3(859;919)-4(936;967)

14: 4(0;98)-1(98;140)-12(211;269)-13(269;292)-7(292;364)-11(448;504)-5(504;578)-10(578;587)-6(587;606)-14(634;660)-2(675;682)-9(682;731)-8(731;754)-0(756;769)-3(796;859)

