1058

0: 11(0;55)-12(208;228)-2(278;369)-10(372;379)-5(393;431)-8(431;511)-0(550;622)-6(643;648)-9(652;662)-1(663;702)-7(727;760)-4(760;835)-13(835;898)-14(902;999)-3(1028;1058)

1: 0(0;26)-13(26;68)-6(68;156)-1(156;175)-9(175;221)-4(357;447)-2(467;535)-7(535;573)-14(573;580)-12(580;613)-5(613;662)-10(752;758)-8(758;818)-11(878;886)-3(954;1028)

2: 5(0;90)-2(110;182)-0(182;220)-12(294;343)-3(343;427)-1(427;436)-6(436;504)-14(504;547)-9(580;652)-10(668;688)-11(688;725)-13(733;797)-7(797;896)-4(905;996)-8(1017;1057)

3: 2(182;278)-0(371;390)-5(431;493)-14(493;501)-4(501;518)-11(518;540)-9(540;580)-6(593;643)-10(643;663)-12(663;709)-13(709;733)-7(760;769)-3(773;813)-8(818;874)-1(926;999)

4: 9(0;47)-14(47;104)-12(104;134)-10(134;223)-11(230;318)-13(368;457)-4(457;465)-7(465;533)-1(601;656)-3(661;710)-5(710;749)-6(785;838)-0(838;868)-8(874;925)-2(945;1044)

5: 10(0;11)-12(11;37)-4(37;74)-11(140;213)-6(213;237)-1(237;263)-9(276;310)-8(310;399)-2(399;467)-13(467;482)-3(482;551)-14(551;568)-0(622;720)-5(854;926)-7(926;961)

6: 1(0;50)-2(50;110)-7(110;128)-9(128;156)-4(188;259)-10(259;297)-0(297;371)-11(371;429)-14(460;467)-5(493;573)-6(573;593)-8(667;758)-3(840;909)-12(909;946)-13(950;1025)

7: 8(0;72)-5(90;153)-7(153;230)-14(230;323)-1(323;384)-12(420;441)-9(441;465)-4(518;568)-3(568;577)-2(577;620)-10(663;668)-0(720;728)-6(728;785)-11(785;878)-13(898;950)

8: 14(0;29)-7(33;93)-8(93;179)-11(213;230)-12(230;294)-5(294;346)-9(346;423)-1(436;529)-13(529;627)-2(627;638)-6(648;700)-10(700;752)-0(752;795)-3(813;840)-4(840;905)

9: 7(18;33)-11(55;140)-3(140;212)-5(212;237)-4(259;357)-10(357;372)-0(390;465)-12(465;550)-8(573;652)-13(652;690)-2(690;701)-14(701;763)-9(763;792)-1(804;884)-6(929;987)

10: 7(0;18)-9(47;95)-4(116;188)-8(188;283)-3(283;342)-12(343;420)-10(603;625)-1(656;663)-6(700;724)-0(728;751)-5(751;786)-13(797;814)-14(814;902)-2(902;945)-11(945;1016)

11: 1(50;107)-4(107;116)-13(116;176)-7(230;320)-6(320;369)-14(369;425)-0(465;550)-8(550;573)-10(573;603)-11(603;672)-9(672;749)-2(749;819)-5(819;854)-3(909;954)-12(954;1010)

12: 3(0;99)-0(99;166)-13(176;230)-6(237;255)-9(310;318)-5(346;393)-10(393;472)-2(535;569)-11(569;578)-14(580;667)-4(667;758)-1(758;804)-12(804;903)-8(925;1017)-7(1017;1027)

13: 4(0;31)-12(134;208)-9(221;276)-13(276;368)-14(425;460)-11(485;510)-1(529;601)-3(601;661)-8(661;667)-7(667;727)-2(727;739)-10(758;786)-5(786;807)-6(838;929)-0(929;972)

14: 12(37;95)-0(220;233)-10(233;242)-6(255;274)-8(283;306)-7(320;392)-11(429;485)-9(485;534)-4(568;666)-2(666;673)-3(710;773)-14(773;799)-1(884;926)-5(926;1000)-13(1025;1048)

