0 :  1 26 12 67  2 38 14 13  6 74  3 19  9 75 11 85  0 72  5 98  7  8 10 23  8 43  4 30 13 43
1 :  6 50 11 57  1 19  5 26  7 61  2  9  8 93 13 72  4 55 10  7  0 39 12 46  9 80 14 42  3 73
2 :  6 60  2 72  3 96  0 91  5 68  1 68 12 34  7 43  8 11 14  7  9 11 13 12 11 70 10 43  4 99
3 : 12 99  9 72 10 59  2 84  5 69  7  9 13 60  4 49 14 63  3 40  8 27  6 69 11 45  1 74  0 30
4 : 13 31  5 37 11  9 10 72  6 71  9 98  1 90  4  8  3 17  7 50 14 98 12 91  0 75  8 65  2 91
5 :  2 90  7 63  9 25  8 52 12 47  0 38  3 62  6 80  1 49  4 39 10 35 13 21 11 35  5 72 14 74
6 :  1 88  5 24 12 18 14 19 11 49  2 68  6 20  3 50  0  5  8 52 10 24  7 57  4 53 13 91  9 58
7 : 10 18  9 15  8 60  6 18  7 77 11 90 14 72  4 68  1 38 13 60  0 33  3  9  2 99  5 35 12 10
8 :  7 72  8 86 10 95 14 23  5 89  0 80 11 23  9 79 13  6  6 91  1 60  3 56  4 51 12 92  2 40
9 :  4 47 10 48  6 28  1 46 13 55  5 34 12  8  8 77  7 24 14 49  3 40  2 72  0 10 11 77  9 29
10:  5 11  4 89 14  9  6 38  9 15  0  7 12 79 11 30 10 22  3 20  7  5  2 20  8 52  1  6 13 28
11:  0 55  9 85  5 73  8 17  4 88  6 58 14 56 13 25  3 22 12  9 11 69  2 37  7 93  1  8 10 71
12:  5 26 14 58  4 30 13 74  0 20  8 64  2 49 10 77  7 21  9 85  1 33  3 46 12 99  6 37 11 56
13:  1 42 11 60 12 54 13 92  4 89  5 15  8 98  9 38  3 24  2 64 10 17  0 63  7 52  6 75 14 23
14:  8 29  4 57  7 93 11 56 13 35  6  7  3  8  2 43  5 17  1  7 12 87  9 62 14 26 10 88  0 97
