0 :  0 72  5 98  7  8  3 19 11 85  9 75 12 67 10 23  2 38 14 13 13 43  4 30  8 43  6 74  1 26
1 : 11 57 14 42  6 50  2  9  8 93 10  7  3 73 13 72 12 46  0 39  5 26  1 19  7 61  4 55  9 80
2 :  3 96  0 91  5 68  9 11  2 72  7 43 11 70 13 12 14  7  8 11 10 43  1 68  6 60 12 34  4 99
3 :  2 84  0 30 11 45  4 49 12 99  5 69  9 72  8 27 10 59  6 69  7  9 14 63 13 60  1 74  3 40
4 : 14 98  9 98  1 90  2 91 12 91  7 50  6 71 10 72  3 17 11  9  5 37  4  8  0 75 13 31  8 65
5 : 12 47  4 39  2 90  8 52  1 49  5 72 14 74  6 80 11 35 13 21  3 62  9 25 10 35  7 63  0 38
6 :  5 24 12 18  0  5 11 49  8 52  9 58  7 57 10 24  1 88 14 19 13 91  4 53  2 68  3 50  6 20
7 : 13 60 11 90 14 72  7 77  1 38 12 10 10 18  4 68  3  9  2 99  0 33  6 18  8 60  5 35  9 15
8 : 10 95  7 72  6 91 13  6 12 92 11 23  4 51  0 80  8 86  3 56 14 23  9 79  1 60  5 89  2 40
9 :  1 46  9 29  3 40  8 77  4 47 13 55 12  8  6 28  5 34  7 24 14 49 10 48  0 10  2 72 11 77
10: 13 28 10 22  4 89 11 30  9 15  6 38  2 20 14  9  3 20  7  5 12 79  5 11  8 52  1  6  0  7
11:  8 17  6 58 13 25  5 73  4 88 14 56  7 93 11 69  9 85  0 55 10 71  2 37 12  9  3 22  1  8
12:  9 85  0 20 10 77 14 58  1 33 13 74  8 64  2 49 12 99  4 30  6 37  5 26 11 56  7 21  3 46
13:  6 75  4 89  7 52 14 23  1 42  5 15  2 64  3 24 13 92  9 38  8 98 10 17 11 60 12 54  0 63
14: 12 87  0 97 10 88  1  7  6  7 13 35  9 62 11 56 14 26  8 29  7 93  2 43  5 17  3  8  4 57
