0 : 13 43  0 72  1 26  4 30  9 75 14 13 12 67  3 19  5 98 10 23  8 43  7  8 11 85  2 38  6 74
1 : 11 57  9 80  5 26  2  9 10  7  3 73  0 39 14 42  1 19  6 50  7 61  8 93 12 46 13 72  4 55
2 :  6 60  1 68  5 68 14  7 10 43  3 96  8 11  4 99  9 11 11 70 12 34  0 91  7 43 13 12  2 72
3 :  4 49  6 69  3 40  9 72  8 27  2 84 12 99 10 59 13 60 14 63  0 30  7  9  5 69 11 45  1 74
4 :  7 50  3 17 13 31 14 98  8 65  4  8  5 37 10 72  6 71 11  9  0 75  9 98  1 90 12 91  2 91
5 : 10 35 11 35  2 90  6 80  3 62  5 72  8 52 12 47  7 63  1 49  0 38  9 25 14 74  4 39 13 21
6 :  1 88 11 49  8 52  3 50 13 91  7 57  2 68  5 24 12 18  9 58 10 24  0  5  4 53 14 19  6 20
7 :  7 77 14 72 12 10  0 33  2 99 10 18  3  9  8 60  9 15 13 60  4 68 11 90  1 38  6 18  5 35
8 :  2 40 10 95  6 91  7 72  3 56 11 23 12 92  8 86  0 80  5 89 14 23  9 79  4 51  1 60 13  6
9 :  3 40  1 46 11 77  9 29 10 48  8 77 12  8  7 24 13 55  0 10  2 72 14 49  4 47  6 28  5 34
10:  5 11  8 52  3 20 14  9  2 20  4 89 11 30 10 22  7  5  6 38  0  7 12 79  9 15  1  6 13 28
11:  2 37 11 69  4 88  7 93  1  8  9 85 10 71  5 73  6 58  8 17  0 55  3 22 12  9 14 56 13 25
12:  9 85  4 30 11 56 10 77 14 58  5 26  7 21  6 37 13 74  2 49  0 20  3 46  1 33  8 64 12 99
13:  9 38 12 54  4 89 10 17  8 98  0 63 13 92  1 42  3 24 11 60  6 75  2 64 14 23  5 15  7 52
14: 14 26  5 17  0 97  2 43  3  8 12 87 13 35  1  7  9 62 11 56  4 57  7 93 10 88  6  7  8 29
