0 :  8 43 12 67  2 38  4 30  6 74  3 19  0 72  5 98  1 26 13 43 11 85 10 23  7  8  9 75 14 13
1 : 11 57 10  7  9 80  6 50  1 19  3 73  0 39 14 42  7 61 12 46  2  9  8 93  4 55 13 72  5 26
2 : 12 34 11 70  3 96  0 91  7 43  1 68  6 60  2 72 13 12  8 11  4 99 10 43  9 11 14  7  5 68
3 : 10 59 14 63  0 30  8 27  4 49  2 84 11 45  7  9  1 74  3 40  6 69 12 99 13 60  5 69  9 72
4 : 12 91  7 50  9 98 14 98  8 65 10 72  5 37 11  9  1 90  6 71 13 31  0 75  4  8  3 17  2 91
5 :  3 62  5 72  9 25 14 74  1 49  7 63 10 35  4 39  8 52  6 80 12 47  0 38  2 90 13 21 11 35
6 :  1 88  2 68 12 18  5 24 13 91  3 50  7 57  4 53 11 49  6 20 10 24 14 19  0  5  8 52  9 58
7 :  2 99  4 68  6 18  1 38  5 35  9 15  8 60  0 33 12 10 11 90 10 18 13 60 14 72  7 77  3  9
8 :  5 89  1 60  0 80 12 92  4 51  2 40 11 23  9 79  7 72 10 95 13  6  3 56  6 91  8 86 14 23
9 :  0 10  3 40  1 46 13 55  2 72  5 34 10 48  6 28  4 47  7 24 14 49  8 77  9 29 12  8 11 77
10:  1  6  4 89  8 52 11 30  3 20  0  7  9 15  6 38 10 22 14  9  2 20 13 28 12 79  7  5  5 11
11:  6 58 13 25  2 37  7 93  5 73  4 88  1  8  9 85  0 55  3 22 11 69 10 71 14 56  8 17 12  9
12:  8 64 11 56  6 37  1 33 10 77 13 74  2 49 14 58  4 30  5 26  9 85  7 21 12 99  0 20  3 46
13:  7 52  3 24  6 75  8 98 11 60 12 54 14 23 13 92  0 63  9 38  2 64  1 42  5 15  4 89 10 17
14:  6  7  9 62  7 93 10 88  4 57 12 87  0 97  5 17  8 29 14 26 13 35  1  7  2 43  3  8 11 56
